Number of signatures = 1
Signatures at phi=0.0
Number of points = 1600
   40.787867    0.000000
   40.823690    0.000000
   40.859513    0.000000
   40.895336    0.000000
   40.931158    0.000000
   40.966981    0.000000
   41.002804    0.000000
   41.038627    0.000000
   41.074450    0.000000
   41.110273    0.000000
   41.146096    0.000320
   41.181919    0.000478
   41.217742    0.000597
   41.253564    0.000696
   41.289387    0.000783
   41.325210    0.000862
   41.361033    0.000946
   41.396856    0.001012
   41.432679    0.001074
   41.468502    0.001134
   41.504325    0.001190
   41.540148    0.001245
   41.575970    0.001297
   41.611793    0.001346
   41.647616    0.001395
   41.683439    0.001441
   41.719262    0.001457
   41.755085    0.001473
   41.790908    0.001512
   41.826731    0.001543
   41.862553    0.001568
   41.898376    0.001580
   41.934199    0.001598
   41.970022    0.001608
   42.005845    0.001618
   42.041668    0.001621
   42.077491    0.001626
   42.113314    0.001630
   42.149137    0.001615
   42.184959    0.001623
   42.220782    0.001632
   42.256605    0.001638
   42.292428    0.001647
   42.328251    0.001661
   42.364074    0.001675
   42.399897    0.001689
   42.435720    0.001688
   42.471543    0.001688
   42.507365    0.001687
   42.543188    0.001699
   42.579011    0.001709
   42.614834    0.001716
   42.650657    0.001716
   42.686480    0.001712
   42.722303    0.001709
   42.758126    0.001709
   42.793949    0.001717
   42.829771    0.001725
   42.865594    0.001725
   42.901417    0.001724
   42.937240    0.001718
   42.973063    0.001710
   43.008886    0.001711
   43.044709    0.001714
   43.080532    0.001714
   43.116355    0.001715
   43.152178    0.001715
   43.188000    0.001713
   43.223823    0.001707
   43.259646    0.001690
   43.295469    0.001675
   43.331292    0.001644
   43.367115    0.001618
   43.402938    0.001595
   43.438761    0.001562
   43.474584    0.001547
   43.510406    0.001531
   43.546229    0.001506
   43.582052    0.001502
   43.617875    0.001503
   43.653698    0.001501
   43.689521    0.001493
   43.725344    0.001500
   43.761167    0.001507
   43.796990    0.001490
   43.832812    0.001516
   43.868635    0.001536
   43.904458    0.001558
   43.940281    0.001581
   43.976104    0.001613
   44.011927    0.001636
   44.047750    0.001652
   44.083573    0.001667
   44.119396    0.001698
   44.155218    0.001752
   44.191041    0.001779
   44.226864    0.001805
   44.262687    0.001831
   44.298510    0.001856
   44.334333    0.001881
   44.370156    0.001948
   44.405979    0.001963
   44.441801    0.001985
   44.477624    0.001994
   44.513447    0.001999
   44.549270    0.002007
   44.585093    0.002017
   44.620916    0.002028
   44.656739    0.002039
   44.692562    0.002053
   44.728385    0.002061
   44.764207    0.002075
   44.800030    0.002088
   44.835853    0.002101
   44.871676    0.002113
   44.907499    0.002123
   44.943322    0.002134
   44.979145    0.002144
   45.014968    0.002153
   45.050791    0.002158
   45.086613    0.002152
   45.122436    0.002194
   45.158259    0.002220
   45.194082    0.002243
   45.229905    0.002264
   45.265728    0.002285
   45.301551    0.002325
   45.337374    0.002335
   45.373197    0.002345
   45.409019    0.002355
   45.444842    0.002367
   45.480665    0.002377
   45.516488    0.002379
   45.552311    0.002384
   45.588134    0.002392
   45.623957    0.002402
   45.659780    0.002397
   45.695603    0.002414
   45.731426    0.002434
   45.767248    0.002452
   45.803071    0.002469
   45.838894    0.002486
   45.874717    0.002494
   45.910540    0.002523
   45.946363    0.002550
   45.982186    0.002576
   46.018009    0.002601
   46.053832    0.002624
   46.089654    0.002644
   46.125477    0.002669
   46.161300    0.002712
   46.197123    0.002753
   46.232946    0.002793
   46.268769    0.002834
   46.304592    0.002874
   46.340415    0.002928
   46.376238    0.002980
   46.412060    0.003025
   46.447883    0.003070
   46.483706    0.003126
   46.519529    0.003174
   46.555352    0.003224
   46.591175    0.003284
   46.626998    0.003330
   46.662821    0.003362
   46.698644    0.003409
   46.734466    0.003444
   46.770289    0.003480
   46.806112    0.003538
   46.841935    0.003569
   46.877758    0.003609
   46.913581    0.003628
   46.949404    0.003655
   46.985227    0.003685
   47.021050    0.003717
   47.056872    0.003758
   47.092695    0.003773
   47.128518    0.003785
   47.164341    0.003807
   47.200164    0.003823
   47.235987    0.003837
   47.271810    0.003862
   47.307633    0.003870
   47.343456    0.003877
   47.379278    0.003886
   47.415101    0.003890
   47.450924    0.003897
   47.486747    0.003904
   47.522570    0.003911
   47.558393    0.003919
   47.594216    0.003926
   47.630039    0.003919
   47.665862    0.003937
   47.701684    0.003957
   47.737507    0.003975
   47.773330    0.003994
   47.809153    0.004011
   47.844976    0.004033
   47.880799    0.004056
   47.916622    0.004081
   47.952445    0.004113
   47.988268    0.004145
   48.024090    0.004174
   48.059913    0.004203
   48.095736    0.004232
   48.131559    0.004246
   48.167382    0.004259
   48.203205    0.004274
   48.239028    0.004285
   48.274851    0.004292
   48.310674    0.004321
   48.346497    0.004333
   48.382319    0.004346
   48.418142    0.004359
   48.453965    0.004374
   48.489788    0.004389
   48.525611    0.004411
   48.561434    0.004419
   48.597257    0.004422
   48.633080    0.004429
   48.668903    0.004431
   48.704725    0.004443
   48.740548    0.004456
   48.776371    0.004470
   48.812194    0.004488
   48.848017    0.004507
   48.883840    0.004524
   48.919663    0.004540
   48.955486    0.004554
   48.991309    0.004559
   49.027131    0.004580
   49.062954    0.004598
   49.098777    0.004620
   49.134600    0.004641
   49.170423    0.004663
   49.206246    0.004684
   49.242069    0.004709
   49.277892    0.004743
   49.313715    0.004776
   49.349537    0.004809
   49.385360    0.004842
   49.421183    0.004872
   49.457006    0.004904
   49.492829    0.004948
   49.528652    0.004991
   49.564475    0.005033
   49.600298    0.005075
   49.636120    0.005117
   49.671943    0.005159
   49.707766    0.005216
   49.743589    0.005273
   49.779412    0.005329
   49.815235    0.005406
   49.851058    0.005471
   49.886881    0.005536
   49.922704    0.005627
   49.958526    0.005670
   49.994349    0.005712
   50.030172    0.005755
   50.065995    0.005801
   50.101818    0.005845
   50.137641    0.005922
   50.173464    0.005932
   50.209287    0.005943
   50.245110    0.005954
   50.280932    0.005968
   50.316755    0.005982
   50.352578    0.005999
   50.388401    0.006025
   50.424224    0.006004
   50.460047    0.005987
   50.495870    0.005971
   50.531693    0.005955
   50.567516    0.005941
   50.603338    0.005943
   50.639161    0.005894
   50.674984    0.005858
   50.710807    0.005828
   50.746630    0.005797
   50.782453    0.005756
   50.818276    0.005725
   50.854099    0.005651
   50.889922    0.005571
   50.925745    0.005491
   50.961567    0.005370
   50.997390    0.005317
   51.033213    0.005263
   51.069036    0.005146
   51.104859    0.005153
   51.140682    0.005167
   51.176505    0.005187
   51.212328    0.005201
   51.248151    0.005213
   51.283973    0.005223
   51.319796    0.005231
   51.355619    0.005233
   51.391442    0.005244
   51.427265    0.005345
   51.463088    0.005441
   51.498911    0.005526
   51.534734    0.005621
   51.570557    0.005732
   51.606379    0.005836
   51.642202    0.005941
   51.678025    0.006104
   51.713848    0.006251
   51.749671    0.006405
   51.785494    0.006567
   51.821317    0.006726
   51.857140    0.006887
   51.892963    0.007086
   51.928785    0.007335
   51.964608    0.007657
   52.000431    0.007824
   52.036254    0.007989
   52.072077    0.008208
   52.107900    0.008411
   52.143723    0.008529
   52.179546    0.008648
   52.215368    0.008803
   52.251191    0.008885
   52.287014    0.008966
   52.322837    0.009145
   52.358660    0.009140
   52.394483    0.009141
   52.430306    0.009146
   52.466129    0.009150
   52.501952    0.009161
   52.537774    0.009268
   52.573597    0.009116
   52.609420    0.009018
   52.645243    0.008947
   52.681066    0.008917
   52.716889    0.008822
   52.752712    0.008744
   52.788535    0.008548
   52.824358    0.008365
   52.860180    0.008178
   52.896003    0.007980
   52.931826    0.007810
   52.967649    0.007663
   53.003472    0.007460
   53.039295    0.007326
   53.075118    0.007186
   53.110941    0.007029
   53.146764    0.006932
   53.182586    0.006847
   53.218409    0.006701
   53.254232    0.006668
   53.290055    0.006625
   53.325878    0.006563
   53.361701    0.006570
   53.397524    0.006546
   53.433347    0.006505
   53.469170    0.006385
   53.504993    0.006412
   53.540815    0.006438
   53.576638    0.006483
   53.612461    0.006492
   53.648284    0.006507
   53.684107    0.006524
   53.719930    0.006544
   53.755753    0.006564
   53.791576    0.006579
   53.827399    0.006581
   53.863221    0.006610
   53.899044    0.006759
   53.934867    0.006818
   53.970690    0.006865
   54.006513    0.006906
   54.042336    0.006940
   54.078159    0.006954
   54.113982    0.006955
   54.149805    0.007043
   54.185627    0.007071
   54.221450    0.007070
   54.257273    0.007060
   54.293096    0.007079
   54.328919    0.007095
   54.364742    0.007114
   54.400565    0.007122
   54.436388    0.007136
   54.472211    0.007156
   54.508033    0.007177
   54.543856    0.007186
   54.579679    0.007172
   54.615502    0.007190
   54.651325    0.007256
   54.687148    0.007322
   54.722971    0.007369
   54.758794    0.007422
   54.794616    0.007469
   54.830439    0.007526
   54.866262    0.007599
   54.902085    0.007658
   54.937908    0.007743
   54.973731    0.007825
   55.009554    0.007901
   55.045377    0.008007
   55.081200    0.008088
   55.117022    0.008168
   55.152845    0.008250
   55.188668    0.008332
   55.224491    0.008415
   55.260314    0.008500
   55.296137    0.008618
   55.331960    0.008676
   55.367783    0.008739
   55.403606    0.008873
   55.439428    0.008819
   55.475251    0.008826
   55.511074    0.008922
   55.546897    0.008911
   55.582720    0.008903
   55.618543    0.008897
   55.654366    0.008880
   55.690189    0.008907
   55.726012    0.008938
   55.761835    0.008957
   55.797657    0.008971
   55.833480    0.008969
   55.869303    0.008972
   55.905126    0.008975
   55.940949    0.008974
   55.976772    0.008975
   56.012595    0.008975
   56.048418    0.008974
   56.084241    0.008973
   56.120063    0.008974
   56.155886    0.008974
   56.191709    0.008947
   56.227532    0.008945
   56.263355    0.008954
   56.299178    0.008966
   56.335001    0.008981
   56.370824    0.009002
   56.406647    0.009132
   56.442469    0.009162
   56.478292    0.009114
   56.514115    0.009091
   56.549938    0.009074
   56.585761    0.009058
   56.621584    0.009046
   56.657407    0.009036
   56.693230    0.009038
   56.729053    0.009019
   56.764876    0.008957
   56.800698    0.008886
   56.836521    0.008816
   56.872344    0.008747
   56.908167    0.008680
   56.943990    0.008614
   56.979813    0.008521
   57.015636    0.008425
   57.051459    0.008327
   57.087282    0.008216
   57.123104    0.008073
   57.158927    0.007933
   57.194750    0.007789
   57.230573    0.007617
   57.266396    0.007470
   57.302219    0.007312
   57.338042    0.007108
   57.373865    0.006944
   57.409687    0.006772
   57.445510    0.006595
   57.481333    0.006463
   57.517156    0.006328
   57.552979    0.006186
   57.588802    0.006110
   57.624625    0.006023
   57.660448    0.005866
   57.696271    0.005904
   57.732093    0.005928
   57.767916    0.005955
   57.803739    0.005981
   57.839562    0.006006
   57.875385    0.006029
   57.911208    0.006053
   57.947031    0.006074
   57.982854    0.006093
   58.018677    0.006209
   58.054499    0.006330
   58.090322    0.006454
   58.126145    0.006571
   58.161968    0.006766
   58.197791    0.006965
   58.233614    0.007185
   58.269437    0.007474
   58.305260    0.007592
   58.341083    0.007837
   58.376905    0.008005
   58.412728    0.008175
   58.448551    0.008361
   58.484374    0.008513
   58.520197    0.008628
   58.556020    0.008740
   58.591843    0.008855
   58.627666    0.008898
   58.663489    0.008889
   58.699312    0.009071
   58.735134    0.009099
   58.770957    0.009110
   58.806780    0.009114
   58.842603    0.009110
   58.878426    0.009097
   58.914249    0.009043
   58.950072    0.008977
   58.985895    0.008897
   59.021718    0.008829
   59.057540    0.008688
   59.093363    0.008581
   59.129186    0.008462
   59.165009    0.008306
   59.200832    0.008121
   59.236655    0.007937
   59.272478    0.007721
   59.308301    0.007512
   59.344124    0.007324
   59.379946    0.007090
   59.415769    0.006940
   59.451592    0.006788
   59.487415    0.006599
   59.523238    0.006480
   59.559061    0.006361
   59.594884    0.006230
   59.630707    0.006130
   59.666530    0.006022
   59.702352    0.005881
   59.738175    0.005774
   59.773998    0.005688
   59.809821    0.005600
   59.845644    0.005488
   59.881467    0.005441
   59.917290    0.005397
   59.953113    0.005359
   59.988935    0.005321
   60.024758    0.005287
   60.060581    0.005233
   60.096404    0.005232
   60.132227    0.005138
   60.168050    0.005109
   60.203873    0.005125
   60.239696    0.005101
   60.275519    0.005065
   60.311341    0.005069
   60.347164    0.005110
   60.382987    0.005095
   60.418810    0.005096
   60.454633    0.005102
   60.490456    0.005114
   60.526279    0.005107
   60.562102    0.005071
   60.597925    0.005023
   60.633747    0.005005
   60.669570    0.004976
   60.705393    0.004939
   60.741216    0.004873
   60.777039    0.004845
   60.812862    0.004811
   60.848685    0.004772
   60.884508    0.004736
   60.920331    0.004703
   60.956153    0.004670
   60.991976    0.004617
   61.027799    0.004615
   61.063622    0.004611
   61.099445    0.004596
   61.135268    0.004595
   61.171091    0.004643
   61.206914    0.004554
   61.242737    0.004569
   61.278560    0.004590
   61.314382    0.004625
   61.350205    0.004656
   61.386028    0.004664
   61.421851    0.004718
   61.457674    0.004750
   61.493497    0.004779
   61.529320    0.004799
   61.565143    0.004830
   61.600966    0.004856
   61.636788    0.004880
   61.672611    0.004975
   61.708434    0.004999
   61.744257    0.005033
   61.780080    0.005075
   61.815903    0.005079
   61.851726    0.005102
   61.887549    0.005137
   61.923372    0.005168
   61.959194    0.005185
   61.995017    0.005209
   62.030840    0.005240
   62.066663    0.005174
   62.102486    0.005117
   62.138309    0.005058
   62.174132    0.004993
   62.209955    0.004932
   62.245778    0.004875
   62.281600    0.004780
   62.317423    0.004682
   62.353246    0.004586
   62.389069    0.004492
   62.424892    0.004386
   62.460715    0.004261
   62.496538    0.004117
   62.532361    0.004010
   62.568184    0.003907
   62.604006    0.003765
   62.639829    0.003771
   62.675652    0.003867
   62.711475    0.003782
   62.747298    0.003758
   62.783121    0.003742
   62.818944    0.003728
   62.854767    0.003718
   62.890589    0.003707
   62.926412    0.003702
   62.962235    0.003704
   62.998058    0.003673
   63.033881    0.003632
   63.069704    0.003584
   63.105527    0.003441
   63.141350    0.003299
   63.177173    0.003162
   63.212995    0.003006
   63.248818    0.002852
   63.284641    0.002690
   63.320464    0.002492
   63.356287    0.002267
   63.392110    0.002043
   63.427933    0.001804
   63.463756    0.001517
   63.499579    0.001234
   63.535401    0.000943
   63.571224    0.000621
   63.607047    0.000300
   63.642870   -0.000054
   63.678693   -0.000371
   63.714516   -0.000695
   63.750339   -0.001012
   63.786162   -0.001345
   63.821985   -0.001614
   63.857807   -0.001879
   63.893630   -0.002158
   63.929453   -0.002373
   63.965276   -0.002592
   64.001099   -0.002833
   64.036922   -0.003012
   64.072745   -0.003186
   64.108568   -0.003366
   64.144391   -0.003546
   64.180213   -0.003674
   64.216036   -0.003699
   64.251859   -0.003969
   64.287682   -0.004138
   64.323505   -0.004296
   64.359328   -0.004462
   64.395151   -0.004575
   64.430974   -0.004688
   64.466797   -0.004803
   64.502619   -0.004916
   64.538442   -0.005009
   64.574265   -0.005114
   64.610088   -0.005214
   64.645911   -0.005138
   64.681734   -0.005113
   64.717557   -0.005089
   64.753380   -0.005159
   64.789203   -0.005244
   64.825025   -0.005345
   64.860848   -0.005465
   64.896671   -0.005506
   64.932494   -0.005606
   64.968317   -0.005757
   65.004140   -0.005919
   65.039963   -0.006066
   65.075786   -0.006222
   65.111609   -0.006343
   65.147431   -0.006415
   65.183254   -0.006509
   65.219077   -0.006599
   65.254900   -0.006671
   65.290723   -0.006731
   65.326546   -0.006787
   65.362369   -0.006778
   65.398192   -0.006827
   65.434015   -0.006869
   65.469838   -0.006871
   65.505660   -0.006870
   65.541483   -0.006866
   65.577306   -0.006853
   65.613129   -0.006811
   65.648952   -0.006760
   65.684775   -0.006714
   65.720598   -0.006672
   65.756421   -0.006638
   65.792244   -0.006538
   65.828066   -0.006478
   65.863889   -0.006435
   65.899712   -0.006397
   65.935535   -0.006346
   65.971358   -0.006295
   66.007181   -0.006253
   66.043004   -0.006183
   66.078827   -0.006127
   66.114650   -0.006075
   66.150472   -0.006021
   66.186295   -0.005907
   66.222118   -0.005864
   66.257941   -0.005838
   66.293764   -0.005784
   66.329587   -0.005746
   66.365410   -0.005712
   66.401233   -0.005644
   66.437056   -0.005653
   66.472878   -0.005665
   66.508701   -0.005670
   66.544524   -0.005710
   66.580347   -0.005727
   66.616170   -0.005730
   66.651993   -0.005705
   66.687816   -0.005755
   66.723639   -0.005784
   66.759462   -0.005784
   66.795284   -0.005834
   66.831107   -0.005868
   66.866930   -0.005888
   66.902753   -0.005922
   66.938576   -0.005974
   66.974399   -0.006007
   67.010222   -0.006015
   67.046045   -0.006046
   67.081868   -0.006090
   67.117690   -0.006135
   67.153513   -0.006215
   67.189336   -0.006331
   67.225159   -0.006434
   67.260982   -0.006510
   67.296805   -0.006643
   67.332628   -0.006759
   67.368451   -0.006907
   67.404274   -0.006946
   67.440096   -0.006973
   67.475919   -0.006960
   67.511742   -0.006910
   67.547565   -0.006857
   67.583388   -0.006823
   67.619211   -0.006888
   67.655034   -0.006834
   67.690857   -0.006781
   67.726680   -0.006730
   67.762502   -0.006716
   67.798325   -0.006585
   67.834148   -0.006511
   67.869971   -0.006445
   67.905794   -0.006403
   67.941617   -0.006348
   67.977440   -0.006245
   68.013263   -0.006057
   68.049086   -0.005917
   68.084908   -0.005755
   68.120731   -0.005601
   68.156554   -0.005419
   68.192377   -0.005240
   68.228200   -0.005072
   68.264023   -0.004862
   68.299846   -0.004615
   68.335669   -0.004389
   68.371492   -0.004281
   68.407314   -0.004146
   68.443137   -0.004010
   68.478960   -0.003840
   68.514783   -0.003765
   68.550606   -0.003693
   68.586429   -0.003621
   68.622252   -0.003551
   68.658075   -0.003480
   68.693898   -0.003411
   68.729720   -0.003320
   68.765543   -0.003317
   68.801366   -0.003317
   68.837189   -0.003317
   68.873012   -0.003312
   68.908835   -0.003307
   68.944658   -0.003225
   68.980481   -0.003275
   69.016304   -0.003344
   69.052126   -0.003429
   69.087949   -0.003505
   69.123772   -0.003578
   69.159595   -0.003655
   69.195418   -0.003746
   69.231241   -0.003902
   69.267064   -0.003966
   69.302887   -0.004055
   69.338710   -0.004145
   69.374533   -0.004244
   69.410355   -0.004348
   69.446178   -0.004461
   69.482001   -0.004579
   69.517824   -0.004655
   69.553647   -0.004725
   69.589470   -0.004782
   69.625293   -0.004844
   69.661116   -0.004908
   69.696939   -0.004976
   69.732761   -0.005037
   69.768584   -0.005032
   69.804407   -0.005053
   69.840230   -0.005084
   69.876053   -0.005116
   69.911876   -0.005197
   69.947699   -0.005177
   69.983522   -0.005145
   70.019345   -0.005077
   70.055167   -0.005038
   70.090990   -0.005027
   70.126813   -0.004953
   70.162636   -0.004914
   70.198459   -0.004914
   70.234282   -0.004950
   70.270105   -0.004908
   70.305928   -0.004850
   70.341751   -0.004814
   70.377573   -0.004780
   70.413396   -0.004743
   70.449219   -0.004702
   70.485042   -0.004669
   70.520865   -0.004645
   70.556688   -0.004617
   70.592511   -0.004589
   70.628334   -0.004554
   70.664157   -0.004500
   70.699979   -0.004471
   70.735802   -0.004438
   70.771625   -0.004402
   70.807448   -0.004346
   70.843271   -0.004288
   70.879094   -0.004374
   70.914917   -0.004372
   70.950740   -0.004290
   70.986563   -0.004283
   71.022385   -0.004268
   71.058208   -0.004271
   71.094031   -0.004278
   71.129854   -0.004298
   71.165677   -0.004301
   71.201500   -0.004274
   71.237323   -0.004262
   71.273146   -0.004237
   71.308969   -0.004231
   71.344791   -0.004229
   71.380614   -0.004240
   71.416437   -0.004246
   71.452260   -0.004252
   71.488083   -0.004257
   71.523906   -0.004237
   71.559729   -0.004293
   71.595552   -0.004314
   71.631375   -0.004343
   71.667197   -0.004380
   71.703020   -0.004419
   71.738843   -0.004519
   71.774666   -0.004556
   71.810489   -0.004650
   71.846312   -0.004607
   71.882135   -0.004593
   71.917958   -0.004604
   71.953780   -0.004624
   71.989603   -0.004754
   72.025426   -0.004763
   72.061249   -0.004865
   72.097072   -0.004716
   72.132895   -0.004675
   72.168718   -0.004662
   72.204541   -0.004648
   72.240364   -0.004612
   72.276186   -0.004578
   72.312009   -0.004545
   72.347832   -0.004519
   72.383655   -0.004445
   72.419478   -0.004339
   72.455301   -0.004242
   72.491124   -0.004153
   72.526947   -0.004071
   72.562770   -0.003990
   72.598592   -0.003885
   72.634415   -0.003719
   72.670238   -0.003557
   72.706061   -0.003402
   72.741884   -0.003271
   72.777707   -0.003089
   72.813530   -0.002916
   72.849353   -0.002709
   72.885176   -0.002480
   72.920998   -0.002251
   72.956821   -0.002011
   72.992644   -0.001812
   73.028467   -0.001635
   73.064290   -0.001456
   73.100113   -0.001208
   73.135936   -0.001162
   73.171759   -0.001111
   73.207582   -0.001123
   73.243404   -0.001114
   73.279227   -0.001098
   73.315050   -0.001075
   73.350873   -0.001024
   73.386696   -0.001106
   73.422519   -0.001189
   73.458342   -0.001273
   73.494165   -0.001347
   73.529988   -0.001415
   73.565810   -0.001482
   73.601633   -0.001698
   73.637456   -0.001919
   73.673279   -0.002141
   73.709102   -0.002324
   73.744925   -0.002613
   73.780748   -0.002902
   73.816571   -0.003165
   73.852394   -0.003515
   73.888216   -0.003895
   73.924039   -0.004218
   73.959862   -0.004567
   73.995685   -0.004857
   74.031508   -0.005150
   74.067331   -0.005435
   74.103154   -0.005665
   74.138977   -0.005918
   74.174800   -0.006160
   74.210622   -0.006295
   74.246445   -0.006395
   74.282268   -0.006493
   74.318091   -0.006675
   74.353914   -0.006677
   74.389737   -0.006676
   74.425560   -0.006660
   74.461383   -0.006658
   74.497206   -0.006661
   74.533029   -0.006667
   74.568851   -0.006597
   74.604674   -0.006579
   74.640497   -0.006562
   74.676320   -0.006382
   74.712143   -0.006148
   74.747966   -0.005928
   74.783789   -0.005712
   74.819612   -0.005512
   74.855435   -0.005265
   74.891257   -0.005025
   74.927080   -0.004808
   74.962903   -0.004441
   74.998726   -0.004083
   75.034549   -0.003608
   75.070372   -0.003321
   75.106195   -0.003052
   75.142018   -0.002782
   75.177841   -0.002610
   75.213663   -0.002515
   75.249486   -0.002458
   75.285309   -0.002437
   75.321132   -0.002421
   75.356955   -0.002399
   75.392778   -0.002364
   75.428601   -0.002317
   75.464424   -0.002215
   75.500247   -0.002198
   75.536069   -0.002129
   75.571892   -0.002121
   75.607715   -0.002085
   75.643538   -0.002097
   75.679361   -0.002098
   75.715184   -0.002066
   75.751007   -0.002109
   75.786830   -0.002131
   75.822653   -0.002134
   75.858475   -0.002142
   75.894298   -0.002167
   75.930121   -0.002171
   75.965944   -0.002117
   76.001767   -0.002108
   76.037590   -0.002099
   76.073413   -0.002167
   76.109236   -0.002242
   76.145059   -0.002312
   76.180881   -0.002398
   76.216704   -0.002521
   76.252527   -0.002493
   76.288350   -0.002646
   76.324173   -0.002826
   76.359996   -0.003013
   76.395819   -0.003201
   76.431642   -0.003410
   76.467465   -0.003603
   76.503287   -0.003663
   76.539110   -0.003727
   76.574933   -0.003886
   76.610756   -0.003954
   76.646579   -0.004026
   76.682402   -0.004072
   76.718225   -0.004123
   76.754048   -0.004248
   76.789871   -0.004220
   76.825693   -0.004245
   76.861516   -0.004158
   76.897339   -0.004096
   76.933162   -0.004024
   76.968985   -0.003971
   77.004808   -0.003928
   77.040631   -0.003881
   77.076454   -0.003836
   77.112277   -0.003792
   77.148100   -0.003638
   77.183922   -0.003464
   77.219745   -0.003341
   77.255568   -0.003187
   77.291391   -0.002971
   77.327214   -0.002753
   77.363037   -0.002461
   77.398860   -0.002346
   77.434683   -0.002187
   77.470506   -0.002195
   77.506328   -0.002149
   77.542151   -0.002105
   77.577974   -0.002018
   77.613797   -0.001936
   77.649620   -0.001909
   77.685443   -0.001886
   77.721266   -0.001842
   77.757089   -0.001806
   77.792912   -0.001736
   77.828734   -0.001780
   77.864557   -0.001689
   77.900380   -0.001642
   77.936203   -0.001655
   77.972026   -0.001705
   78.007849   -0.001739
   78.043672   -0.001763
   78.079495   -0.001690
   78.115318   -0.001673
   78.151140   -0.001674
   78.186963   -0.001711
   78.222786   -0.001711
   78.258609   -0.001758
   78.294432   -0.001802
   78.330255   -0.001842
   78.366078   -0.001875
   78.401901   -0.001875
   78.437724   -0.001943
   78.473546   -0.001979
   78.509369   -0.002117
   78.545192   -0.002251
   78.581015   -0.002376
   78.616838   -0.002545
   78.652661   -0.002711
   78.688484   -0.002874
   78.724307   -0.003024
   78.760130   -0.003150
   78.795952   -0.003286
   78.831775   -0.003445
   78.867598   -0.003501
   78.903421   -0.003516
   78.939244   -0.003493
   78.975067   -0.003549
   79.010890   -0.003531
   79.046713   -0.003533
   79.082536   -0.003548
   79.118358   -0.003646
   79.154181   -0.003565
   79.190004   -0.003491
   79.225827   -0.003412
   79.261650   -0.003317
   79.297473   -0.003130
   79.333296   -0.003003
   79.369119   -0.002827
   79.404942   -0.002688
   79.440764   -0.002576
   79.476587   -0.002330
   79.512410   -0.002065
   79.548233   -0.001804
   79.584056   -0.001557
   79.619879   -0.001455
   79.655702   -0.001280
   79.691525   -0.001070
   79.727347   -0.000988
   79.763170   -0.000907
   79.798993   -0.000834
   79.834816   -0.000754
   79.870639   -0.000675
   79.906462   -0.000588
   79.942285   -0.000505
   79.978108   -0.000347
   80.013931   -0.000526
   80.049753   -0.000539
   80.085576   -0.000476
   80.121399   -0.000484
   80.157222   -0.000529
   80.193045   -0.000441
   80.228868   -0.000370
   80.264691   -0.000391
   80.300514   -0.000403
   80.336337   -0.000412
   80.372159   -0.000432
   80.407982   -0.000456
   80.443805   -0.000486
   80.479628   -0.000515
   80.515451   -0.000517
   80.551274   -0.000527
   80.587097   -0.000541
   80.622920   -0.000560
   80.658743   -0.000617
   80.694565   -0.000654
   80.730388   -0.000670
   80.766211   -0.000679
   80.802034   -0.000696
   80.837857   -0.000716
   80.873680   -0.000740
   80.909503   -0.000762
   80.945326   -0.000785
   80.981149   -0.000810
   81.016971   -0.000835
   81.052794   -0.000943
   81.088617   -0.000957
   81.124440   -0.000922
   81.160263   -0.000902
   81.196086   -0.000894
   81.231909   -0.000890
   81.267732   -0.000890
   81.303555   -0.000924
   81.339377   -0.000885
   81.375200   -0.000853
   81.411023   -0.000865
   81.446846   -0.000925
   81.482669   -0.000854
   81.518492   -0.000837
   81.554315   -0.000842
   81.590138   -0.000836
   81.625961   -0.000831
   81.661783   -0.000832
   81.697606   -0.000855
   81.733429   -0.000870
   81.769252   -0.000857
   81.805075   -0.000843
   81.840898   -0.000807
   81.876721   -0.000793
   81.912544   -0.000775
   81.948367   -0.000760
   81.984189   -0.000746
   82.020012   -0.000720
   82.055835   -0.000726
   82.091658   -0.000808
   82.127481   -0.000778
   82.163304   -0.000696
   82.199127   -0.000697
   82.234950   -0.000699
   82.270773   -0.000693
   82.306596   -0.000706
   82.342418   -0.000727
   82.378241   -0.000710
   82.414064   -0.000626
   82.449887   -0.000669
   82.485710   -0.000672
   82.521533   -0.000656
   82.557356   -0.000666
   82.593179   -0.000674
   82.629002   -0.000670
   82.664824   -0.000687
   82.700647   -0.000702
   82.736470   -0.000718
   82.772293   -0.000740
   82.808116   -0.000725
   82.843939   -0.000723
   82.879762   -0.000728
   82.915585   -0.000735
   82.951408   -0.000742
   82.987230   -0.000760
   83.023053   -0.000780
   83.058876   -0.000793
   83.094699   -0.000809
   83.130522   -0.000824
   83.166345   -0.000839
   83.202168   -0.000854
   83.237991   -0.000870
   83.273814   -0.000888
   83.309636   -0.000908
   83.345459   -0.000997
   83.381282   -0.001002
   83.417105   -0.001004
   83.452928   -0.001012
   83.488751   -0.001028
   83.524574   -0.001033
   83.560397   -0.001001
   83.596220   -0.000983
   83.632042   -0.000973
   83.667865   -0.000966
   83.703688   -0.000959
   83.739511   -0.000953
   83.775334   -0.000948
   83.811157   -0.000944
   83.846980   -0.000941
   83.882803   -0.000944
   83.918626   -0.000957
   83.954448   -0.000950
   83.990271   -0.000923
   84.026094   -0.000895
   84.061917   -0.000868
   84.097740   -0.000839
   84.133563   -0.000809
   84.169386   -0.000779
   84.205209   -0.000754
   84.241032   -0.000710
   84.276854   -0.000665
   84.312677   -0.000621
   84.348500   -0.000575
   84.384323   -0.000531
   84.420146   -0.000486
   84.455969   -0.000424
   84.491792   -0.000406
   84.527615   -0.000384
   84.563438   -0.000359
   84.599260   -0.000309
   84.635083   -0.000321
   84.670906   -0.000325
   84.706729   -0.000318
   84.742552   -0.000312
   84.778375   -0.000305
   84.814198   -0.000248
   84.850021   -0.000260
   84.885844   -0.000266
   84.921666   -0.000271
   84.957489   -0.000270
   84.993312   -0.000280
   85.029135   -0.000298
   85.064958   -0.000313
   85.100781   -0.000325
   85.136604   -0.000339
   85.172427   -0.000351
   85.208250   -0.000363
   85.244072   -0.000377
   85.279895   -0.000389
   85.315718   -0.000424
   85.351541   -0.000435
   85.387364   -0.000446
   85.423187   -0.000460
   85.459010   -0.000500
   85.494833   -0.000477
   85.530656   -0.000479
   85.566479   -0.000484
   85.602301   -0.000489
   85.638124   -0.000495
   85.673947   -0.000503
   85.709770   -0.000514
   85.745593   -0.000529
   85.781416   -0.000550
   85.817239   -0.000577
   85.853062   -0.000558
   85.888885   -0.000541
   85.924707   -0.000533
   85.960530   -0.000529
   85.996353   -0.000527
   86.032176   -0.000525
   86.067999   -0.000526
   86.103822   -0.000526
   86.139645   -0.000529
   86.175468   -0.000536
   86.211291   -0.000545
   86.247113   -0.000547
   86.282936   -0.000549
   86.318759   -0.000551
   86.354582   -0.000553
   86.390405   -0.000553
   86.426228   -0.000553
   86.462051   -0.000552
   86.497874   -0.000552
   86.533697   -0.000550
   86.569519   -0.000550
   86.605342   -0.000546
   86.641165   -0.000540
   86.676988   -0.000537
   86.712811   -0.000530
   86.748634   -0.000521
   86.784457   -0.000498
   86.820280   -0.000498
   86.856103   -0.000530
   86.891925   -0.000547
   86.927748   -0.000556
   86.963571   -0.000556
   86.999394   -0.000549
   87.035217   -0.000511
   87.071040   -0.000541
   87.106863   -0.000568
   87.142686   -0.000582
   87.178509   -0.000589
   87.214331   -0.000592
   87.250154   -0.000588
   87.285977   -0.000572
   87.321800   -0.000571
   87.357623   -0.000571
   87.393446   -0.000572
   87.429269   -0.000572
   87.465092   -0.000573
   87.500914   -0.000573
   87.536737   -0.000574
   87.572560   -0.000575
   87.608383   -0.000577
   87.644206   -0.000586
   87.680029   -0.000572
   87.715852   -0.000561
   87.751675   -0.000561
   87.787498   -0.000555
   87.823320   -0.000550
   87.859143   -0.000546
   87.894966   -0.000543
   87.930789   -0.000541
   87.966612   -0.000541
   88.002435   -0.000543
   88.038258   -0.000547
   88.074081   -0.000554
   88.109904   -0.000570
   88.145726   -0.000675
   88.181549   -0.000569
   88.217372   -0.000552
   88.253195   -0.000541
   88.289018   -0.000533
   88.324841   -0.000526
   88.360664   -0.000521
   88.396487   -0.000516
   88.432310   -0.000512
   88.468132   -0.000508
   88.503955   -0.000507
   88.539778   -0.000507
   88.575601   -0.000507
   88.611424   -0.000511
   88.647247   -0.000517
   88.683070   -0.000513
   88.718893   -0.000509
   88.754716   -0.000507
   88.790538   -0.000505
   88.826361   -0.000504
   88.862184   -0.000502
   88.898007   -0.000500
   88.933830   -0.000498
   88.969653   -0.000497
   89.005476   -0.000495
   89.041299   -0.000493
   89.077122   -0.000491
   89.112944   -0.000489
   89.148767   -0.000488
   89.184590   -0.000485
   89.220413   -0.000484
   89.256236   -0.000482
   89.292059   -0.000480
   89.327882   -0.000478
   89.363705   -0.000476
   89.399528   -0.000474
   89.435350   -0.000471
   89.471173   -0.000469
   89.506996   -0.000468
   89.542819   -0.000467
   89.578642   -0.000465
   89.614465   -0.000464
   89.650288   -0.000463
   89.686111   -0.000461
   89.721934   -0.000460
   89.757756   -0.000459
   89.793579   -0.000457
   89.829402   -0.000456
   89.865225   -0.000454
   89.901048   -0.000453
   89.936871   -0.000452
   89.972694   -0.000450
   90.008517   -0.000449
   90.044340   -0.000448
   90.080163   -0.000446
   90.115985   -0.000445
   90.151808   -0.000443
   90.187631   -0.000441
   90.223454   -0.000440
   90.259277   -0.000439
   90.295100   -0.000437
   90.330923   -0.000435
   90.366746   -0.000434
   90.402569   -0.000423
   90.438391   -0.000422
   90.474214   -0.000421
   90.510037   -0.000420
   90.545860   -0.000417
   90.581683   -0.000405
   90.617506   -0.000417
   90.653329   -0.000425
   90.689152   -0.000429
   90.724975   -0.000433
   90.760797   -0.000435
   90.796620   -0.000437
   90.832443   -0.000439
   90.868266   -0.000441
   90.904089   -0.000442
   90.939912   -0.000443
   90.975735   -0.000444
   91.011558   -0.000445
   91.047381   -0.000446
   91.083203   -0.000446
   91.119026   -0.000447
   91.154849   -0.000447
   91.190672   -0.000447
   91.226495   -0.000447
   91.262318   -0.000447
   91.298141   -0.000446
   91.333964   -0.000446
   91.369787   -0.000445
   91.405609   -0.000444
   91.441432   -0.000442
   91.477255   -0.000440
   91.513078   -0.000427
   91.548901   -0.000421
   91.584724   -0.000423
   91.620547   -0.000430
   91.656370   -0.000435
   91.692193   -0.000438
   91.728015   -0.000441
   91.763838   -0.000445
   91.799661   -0.000447
   91.835484   -0.000450
   91.871307   -0.000453
   91.907130   -0.000455
   91.942953   -0.000458
   91.978776   -0.000460
   92.014599   -0.000463
   92.050421   -0.000465
   92.086244   -0.000467
   92.122067   -0.000481
   92.157890   -0.000487
   92.193713   -0.000493
   92.229536   -0.000498
   92.265359   -0.000504
   92.301182   -0.000509
   92.337005   -0.000515
   92.372827   -0.000521
   92.408650   -0.000527
   92.444473   -0.000532
   92.480296   -0.000537
   92.516119   -0.000543
   92.551942   -0.000548
   92.587765   -0.000572
   92.623588   -0.000579
   92.659411   -0.000576
   92.695233   -0.000573
   92.731056   -0.000570
   92.766879   -0.000568
   92.802702   -0.000565
   92.838525   -0.000563
   92.874348   -0.000560
   92.910171   -0.000557
   92.945994   -0.000554
   92.981816   -0.000551
   93.017639   -0.000549
   93.053462   -0.000547
   93.089285   -0.000544
   93.125108   -0.000542
   93.160931   -0.000540
   93.196754   -0.000537
   93.232577   -0.000535
   93.268400   -0.000536
   93.304222   -0.000529
   93.340045   -0.000527
   93.375868   -0.000520
   93.411691   -0.000514
   93.447514   -0.000508
   93.483337   -0.000501
   93.519160   -0.000495
   93.554983   -0.000491
   93.590806   -0.000486
   93.626628   -0.000480
   93.662451   -0.000473
   93.698274   -0.000468
   93.734097   -0.000462
   93.769920   -0.000457
   93.805743   -0.000452
   93.841566   -0.000447
   93.877389   -0.000442
   93.913212   -0.000437
   93.949035   -0.000431
   93.984857   -0.000427
   94.020680   -0.000422
   94.056503   -0.000424
   94.092326   -0.000419
   94.128149   -0.000413
   94.163972   -0.000408
   94.199795   -0.000403
   94.235618   -0.000398
   94.271441   -0.000393
   94.307263   -0.000388
   94.343086   -0.000384
   94.378909   -0.000382
   94.414732   -0.000374
   94.450555   -0.000368
   94.486378   -0.000362
   94.522201   -0.000357
   94.558024   -0.000331
   94.593847   -0.000327
   94.629669   -0.000323
   94.665492   -0.000319
   94.701315   -0.000316
   94.737138   -0.000312
   94.772961   -0.000309
   94.808784   -0.000305
   94.844607   -0.000303
   94.880430   -0.000303
   94.916253   -0.000302
   94.952076   -0.000306
   94.987898   -0.000326
   95.023721   -0.000270
   95.059544   -0.000266
   95.095367   -0.000265
   95.131190   -0.000266
   95.167013   -0.000267
   95.202836   -0.000269
   95.238659   -0.000272
   95.274481   -0.000274
   95.310304   -0.000277
   95.346127   -0.000281
   95.381950   -0.000285
   95.417773   -0.000289
   95.453596   -0.000295
   95.489419   -0.000302
   95.525242   -0.000307
   95.561065   -0.000312
   95.596887   -0.000316
   95.632710   -0.000338
   95.668533   -0.000340
   95.704356   -0.000344
   95.740179   -0.000347
   95.776002   -0.000350
   95.811825   -0.000354
   95.847648   -0.000357
   95.883471   -0.000359
   95.919293   -0.000363
   95.955116   -0.000365
   95.990939   -0.000366
   96.026762   -0.000367
   96.062585   -0.000369
   96.098408   -0.000371
   96.134231   -0.000371
   96.170054   -0.000368
   96.205877   -0.000339
   96.241699   -0.000385
   96.277522   -0.000386
   96.313345   -0.000385
   96.349168   -0.000384
   96.384991   -0.000382
   96.420814   -0.000380
   96.456637   -0.000378
   96.492460   -0.000375
   96.528283   -0.000372
   96.564105   -0.000370
   96.599928   -0.000367
   96.635751   -0.000364
   96.671574   -0.000361
   96.707397   -0.000357
   96.743220   -0.000354
   96.779043   -0.000350
   96.814866   -0.000346
   96.850689   -0.000323
   96.886511   -0.000321
   96.922334   -0.000318
   96.958157   -0.000316
   96.993980   -0.000313
   97.029803   -0.000311
   97.065626   -0.000311
   97.101449   -0.000311
   97.137272   -0.000310
   97.173095   -0.000307
   97.208917   -0.000304
   97.244740   -0.000302
   97.280563   -0.000300
   97.316386   -0.000298
   97.352209   -0.000295
   97.388032   -0.000290
   97.423855   -0.000279
   97.459678   -0.000287
   97.495501   -0.000290
   97.531323   -0.000292
   97.567146   -0.000293
   97.602969   -0.000293
   97.638792   -0.000294
   97.674615   -0.000294
   97.710438   -0.000294
   97.746261   -0.000294
   97.782084   -0.000294
   97.817907   -0.000295
   97.853730   -0.000295
   97.889552   -0.000296
   97.925375   -0.000298
   97.961198   -0.000292
   97.997021   -0.000290
   98.032844   -0.000288
   98.068667   -0.000279
